10000000000000000.000000000000000 0.000000000000000 0.000000000000000
9682466119303114.000000000000000 0.000000000000000 0.000000000000000
9375015015145270.000000000000000 0.000000000000000 0.000000000000000
9077326525210242.000000000000000 0.000000000000000 0.000000000000000
8789090653419963.000000000000000 0.000000000000000 0.000000000000000
8510007247122246.000000000000000 0.000000000000000 0.000000000000000
8239785684528511.000000000000000 0.000000000000000 0.000000000000000
7978144572076613.000000000000000 0.000000000000000 0.000000000000000
7724811451403416.000000000000000 0.000000000000000 0.000000000000000
7479522515621829.000000000000000 0.000000000000000 0.000000000000000
7242022334607315.000000000000000 0.000000000000000 0.000000000000000
7012063589007177.000000000000000 0.000000000000000 0.000000000000000
6789406812696099.000000000000000 0.000000000000000 0.000000000000000
6573820143409572.000000000000000 0.000000000000000 0.000000000000000
6365079081295578.000000000000000 0.000000000000000 0.000000000000000
6162966255132942.000000000000000 0.000000000000000 0.000000000000000
5967271195973310.000000000000000 0.000000000000000 0.000000000000000
5777790117970495.000000000000000 0.000000000000000 0.000000000000000
5594325706169366.000000000000000 0.000000000000000 0.000000000000000
5416686911033158.000000000000000 0.000000000000000 0.000000000000000
5244688749495119.000000000000000 0.000000000000000 0.000000000000000
5078152112327671.000000000000000 0.000000000000000 0.000000000000000
4916903577628021.000000000000000 0.000000000000000 0.000000000000000
4760775230226358.000000000000000 0.000000000000000 0.000000000000000
4609604486828439.000000000000000 0.000000000000000 0.000000000000000
4463233926710397.500000000000000 0.000000000000000 0.000000000000000
4321511127789762.000000000000000 0.000000000000000 0.000000000000000
4184288507901576.000000000000000 0.000000000000000 0.000000000000000
4051423171114639.000000000000000 0.000000000000000 0.000000000000000
3922776758927723.500000000000000 0.000000000000000 0.000000000000000
3798215306190736.000000000000000 0.000000000000000 0.000000000000000
3677609101601030.500000000000000 0.000000000000000 0.000000000000000
3560832552629274.500000000000000 0.000000000000000 0.000000000000000
3447764054734457.000000000000000 0.000000000000000 0.000000000000000
3338285864731764.500000000000000 213.099342260645841 0.000000000000000
3232283978181380.500000000000000 213.082986441640912 0.000000000000000
3129648010670750.500000000000000 213.056904463149550 0.000000000000000
3030271082866393.000000000000000 213.015886139928682 0.000000000000000
2934049709215781.000000000000000 212.952239437432326 0.000000000000000
2840883690183307.000000000000000 212.854758439351656 0.000000000000000
2750676007908067.500000000000000 212.707327167402468 0.000000000000000
2663332725174981.000000000000000 212.487055481960539 0.000000000000000
2578762887593798.500000000000000 212.161821837228501 0.000000000000000
2496878428884321.500000000000000 211.687074045809993 0.000000000000000
2417594079169133.500000000000000 211.001713771161434 0.000000000000000
2340827276178294.500000000000000 210.022863709285332 0.000000000000000
2266498079273693.000000000000000 208.639288991373206 0.000000000000000
2194529086203311.500000000000000 206.703217028037557 0.000000000000000
2124845352498878.500000000000000 206.283052124851963 0.000000000000000
2057374313432915.750000000000000 206.198574765574790 0.000000000000000
1992045708453871.250000000000000 206.083661241524851 0.000000000000000
1928791508020777.750000000000000 205.928721344396791 0.000000000000000
1867545842761074.000000000000000 205.721593454479461 0.000000000000000
1808244934877948.000000000000000 205.446984232792516 0.000000000000000
1750827031735727.000000000000000 205.085817994490725 0.000000000000000
1695232341554121.500000000000000 204.614487746766912 0.000000000000000
1641402971144466.500000000000000 204.004000288791559 0.000000000000000
1589282865622976.250000000000000 203.219008382150150 0.000000000000000
1538817750038343.250000000000000 202.216723807073151 0.000000000000000
1489955072852856.750000000000000 200.945706115400156 0.000000000000000
1442643951218158.750000000000000 199.558232759702776 0.000000000000000
1396835117988739.750000000000000 198.527954366900218 0.000000000000000
1352480870417874.000000000000000 197.246296009391244 0.000000000000000
1309535020482665.000000000000000 195.661462262139224 0.000000000000000
1267952846786436.500000000000000 193.713091253468207 356.821705592278249
1227691047988360.500000000000000 192.024157568442860 356.130672055502771
1188707697711903.250000000000000 190.079565861616288 355.290481220185882
1150962200885031.250000000000000 187.727678102345777 354.274311844323506
1114415251466785.875000000000000 186.078445298091140 353.051565569851562
1079028791516185.750000000000000 184.356755229467865 351.587504800102295
1044765971560805.250000000000000 182.305128118313803 349.842877923096125
1011591112223829.750000000000000 180.566571203365243 347.773533702700547
979469667069538.625000000000000 179.043148919533934 345.443180201926737
948368186628590.875000000000000 177.252074267191603 343.293141955346584
918254283565630.000000000000000 175.291740234211403 340.775974816598875
889096598952916.750000000000000 173.610767552661514 337.840972588207649
860864769614924.500000000000000 171.658480210405344 334.504259040152760
833529396509818.750000000000000 169.544739661893232 331.332469406313407
807062014114949.125000000000000 167.553135117522999 327.676333404837806
781435060784455.750000000000000 165.265610069869723 323.598940560261155
756621850048106.250000000000000 163.229442353654861 319.639483524315210
732596542821523.000000000000000 161.124883741131953 315.122645343555575
709334120498799.000000000000000 158.886210478406213 310.801140547097873
686810358899529.375000000000000 156.809112838561191 306.198764237199669
665001803043113.250000000000000 154.461893351362193 301.619782275756165
643885742724042.625000000000000 152.284014863955122 297.011729692510755
623440188862786.375000000000000 149.864773841060327 292.249741328894515
603643850607586.375000000000000 147.607197601052093 287.442624980300309
584476113163362.500000000000000 145.181501078790546 282.529143949105276
565917016324623.125000000000000 143.004753183819048 277.506671263258397
547947233690029.250000000000000 140.716812879890483 272.670723902856025
530548052536957.437500000000000 138.537804852176038 267.651960324485856
513701354335133.875000000000000 136.257007704163300 262.907263588147316
497389595879005.750000000000000 134.043768905636966 257.889575757762543
481595791019234.125000000000000 131.714468878315785 253.037557668787059
466303492974273.625000000000000 129.918738663378718 248.141069475443061
451496777203610.187500000000000 128.095202872042421 243.233763767275605
437160224824850.250000000000000 126.418524343373377 238.682998661459862
423278906557354.437500000000000 124.891718120687045 233.994270135146934
409838367175725.312500000000000 123.226789329828435 229.510206174772549
396824610456948.562500000000000 121.799129855769962 225.105803455400462
384224084605506.062500000000000 120.272388208913767 220.745220135317624
372023668141306.562500000000000 118.720520898956778 217.179083576828020
360210656235706.625000000000000 117.238397204423705 213.519317945961291
348772747481417.062500000000000 115.635925696250595 210.438799447050059
337698031082509.500000000000000 114.094417938795573 207.224568860500312
326974974451176.812500000000000 112.460072965414810 204.254398279148745
316592411198352.062500000000000 110.814516644016507 201.240996482404142
306539529505652.375000000000000 109.125389439208149 198.265507875536485
296805860866559.625000000000000 107.398848172017054 195.302800489672762
287381269185106.937500000000000 105.641214379628948 192.269769164365755
278255940220712.593750000000000 103.940827230556991 189.239486903866776
269420371368188.218750000000000 102.286045300195255 186.122809048275997
260865361762254.531250000000000 100.698606274769446 182.991408109197067
252582002696277.937500000000000 99.176075489076609 179.831276261038283
244561668345244.906250000000000 97.660109189089525 176.649413048452487
236796006783307.875000000000000 96.204114694154896 173.650086000073884
229276931286564.875000000000000 94.718743672531744 170.647886726633459
221996611911995.250000000000000 93.300260198350173 167.895245615826695
214947467343797.625000000000000 91.857644822152835 165.088516976180642
208122156998634.125000000000000 90.597649676328103 162.469428578195163
201513573381555.843750000000000 89.263089833167840 159.766269676503839
195114834684661.625000000000000 88.073411691574705 157.269979060429989
188919277620766.437500000000000 86.832458600334988 154.688803095554107
182920450484629.000000000000000 85.636608032370205 152.407149972015333
177112106434509.062500000000000 84.448131136521411 150.069990719960060
171488196987054.093750000000000 83.258193853793045 147.885291984953767
166042865718752.968750000000000 82.146622767255380 145.686570752316584
160770442167382.187500000000000 80.975954481997661 143.552940502092468
155665435927105.875000000000000 79.945598958735886 141.453655256192320
150722530931075.875000000000000 78.868166379809082 139.376032950851965
145936579915575.781250000000000 77.824657621889386 137.413478797560316
141302599059953.375000000000000 76.801722568544179 135.397213592530136
136815762796747.046875000000000 75.745959693267366 133.570030993117854
132471398786611.484375000000000 74.750633481475660 131.653299916990477
128264983052806.250000000000000 73.707140815794403 129.864521306427690
124192135270178.468750000000000 72.580911045631069 128.033835335217390
120248614203741.218750000000000 71.392116733611218 126.159358453353349
116430313292087.562500000000000 70.258325282885693 124.234473432639788
112733256371048.484375000000000 69.101633620595763 122.021139245275990
109153593533139.328125000000000 67.996039550154407 119.451418366816995
105687597118480.500000000000000 66.864820257810450 116.999500651515689
102331657833024.484375000000000 65.790370938246113 114.512678167913919
99082280990037.875000000000000 64.687466606172265 112.002384746785125
95936082870931.265625000000000 63.674161727874257 109.777229485659163
92889787201645.171875000000000 62.632474266984424 107.545725710945106
89940221740920.531250000000000 61.678200714224346 105.329346856858820
87084314976907.234375000000000 60.698524373172383 103.211696107264203
84319092928662.515625000000000 59.768832952335131 101.120674852970964
81641676049214.546875000000000 58.817919005876831 99.194220930288310
79049276226964.359375000000000 57.904466564438351 97.266443757075379
76539193882301.562500000000000 56.973927698404722 95.334841929475672
74108815156415.703125000000000 56.073423864635416 93.549437785690586
71755609189369.203125000000000 55.157176849495137 91.755138455347378
69477125484602.257812500000000 54.318465302233079 90.027262949915084
67270991357123.507812500000000 53.478717497609757 88.299248242990885
65134909462728.093750000000000 52.674665060728209 86.568373276544492
63066655405674.054687500000000 51.871193330916931 84.998136253233284
61064075422320.367187500000000 51.085905107176956 83.422853374026715
59125084138318.687500000000000 50.307714072126281 81.942433640116391
57247662397021.664062500000000 49.537459798593645 80.449864271834500
55429855156846.742187500000000 48.781147306357518 78.986638565457213
53669769455404.757812500000000 48.027124182791262 77.571435175165917
51965572438276.570312500000000 47.295490205517666 76.176324548786297
50315489450380.460937500000000 46.571143751968741 74.848720915750206
48717802187946.210937500000000 45.902452174032632 73.503761995439632
47170846909170.218750000000000 45.217949420776172 72.238136605998307
45673012701687.468750000000000 44.586160737445844 70.954733942253611
44222739805058.968750000000000 43.931531272826831 69.761407149684842
42818517986524.070312500000000 43.312029442749242 68.573291778717234
41458884968329.023437500000000 42.679472479947194 67.466037743220781
40142424904993.257812500000000 42.065849159705053 66.351019301796327
38867766908926.679687500000000 41.453479766702976 65.264088747187685
37633583622865.328125000000000 40.846563364883799 64.175046810066164
36438589837635.406250000000000 40.252929990346779 63.106765867176463
35281541153808.757812500000000 39.653073713750416 62.059104028326473
34161232685855.320312500000000 39.075156737491547 61.041478769434647
33076497807442.425781250000000 38.482436296055695 60.042531603994021
32026206936576.500000000000000 37.920010602827475 59.059867884651659
31009266359319.234375000000000 37.338326793913780 58.087068988435007
30024617090855.429687500000000 36.785689177804841 57.115750920173880
29071233772725.812500000000000 36.216722500683787 56.158343344861599
28148123605075.812500000000000 35.685356931169231 55.195563282039373
27254325312810.277343750000000 35.146815922907521 54.267333806586365
26388908144575.078125000000000 34.631578493465227 53.330111647853279
25550970903525.019531250000000 34.117600260038628 52.465008149936189
24739641008868.167968750000000 33.613415364235301 51.586316391141899
23954073587208.792968750000000 33.117133241377786 50.758665436345950
23193450592744.273437500000000 32.621394954038500 49.910179832597606
22456979955397.718750000000000 32.139524749156152 49.108991347498034
21743894756000.753906250000000 31.651718372509826 48.285255408675773
21053452427667.082031250000000 31.184197751910848 47.507808217162165
20384933982524.640625000000000 30.705198473095393 46.711492812291162
19737643263002.554687500000000 30.252138359492264 45.971410637951493
19110906216891.359375000000000 29.784343355238626 45.213464664475737
18504070195422.984375000000000 29.344300458281840 44.490856929130580
17916503273639.031250000000000 28.891676094530645 43.752636053971230
17347593592339.326171875000000 28.453414465963899 43.043353391356206
16796748720926.531250000000000 28.006307152212315 42.321554207614412
16263395040481.906250000000000 27.579826590923176 41.621668151350121
15746977146430.833984375000000 27.149637299522965 40.914208675907545
15246957270175.761718750000000 26.735369745017056 40.223135852298483
14762814719093.910156250000000 26.320457007350925 39.543236093285415
14294045334317.611328125000000 25.915517581472916 38.892308068500938
13840160965731.300781250000000 25.511705458578071 38.247937684566153
13400688963639.478515625000000 25.115189484106217 37.615230661650891
12975171686575.894531250000000 24.721900289796928 36.990454796853641
12563166024741.214843750000000 24.336138017492054 36.371175559381250
12164242938573.679687500000000 23.957174938740611 35.764011477472472
11777987011971.179687500000000 23.585155457776896 35.158081609426951
11403996019700.306640625000000 23.223733948336029 34.571845963479078
11041880508541.625000000000000 22.864232226118279 33.983296610918053
10691263391734.771484375000000 22.515327103401063 33.430611647700211
10351779556301.761718750000000 22.165093124146072 32.873767444045193
10023075482838.644531250000000 21.826728793322420 32.348516374945291
9704808877380.287109375000000 21.484924049947548 31.815201803154146
9396648314954.708984375000000 21.157316608179247 31.304257957686048
9098272894455.568359375000000 20.823800136586939 30.782710082276914
8809371904473.990234375000000 20.503468966267310 30.285593171617780
8529644499741.016601562500000 20.175895721802522 29.776391255478742
8258799387844.254882812500000 19.860279468391667 29.292597343260365
7996554525892.362304687500000 19.535952650590179 28.796654829246279
7742636826811.277343750000000 19.211070200816160 28.321778257679942
7496781874966.876953125000000 18.869357553741278 27.837051684328660
7258733650817.246093750000000 18.490909542207309 27.365027230525730
7028244264308.337890625000000 18.072149588599626 26.876758895270306
6805073696735.220703125000000 17.635963843025870 26.369187735922928
6588989550799.956054687500000 17.216140196594353 25.756950671646695
6379766808606.282226562500000 16.802222234046312 25.043164004881081
6177187597338.488281250000000 16.391764365628525 24.296199882588642
5981040962380.931640625000000 15.990976559778765 23.584026523611630
5791122647641.746093750000000 15.604158810922932 22.875504590997942
5607234882852.038085937500000 15.227503586741843 22.210419289080832
5429186177618.942382812500000 14.856621943025178 21.540261076598071
5256791122018.418945312500000 14.495435134905309 20.922434012566036
5089870193519.674804687500000 14.145045599894532 20.310011958961542
4928249570040.502929687500000 13.801422285365636 19.724795332209538
4771760948938.750976562500000 13.462100357247735 19.158946386372840
4620241371751.313476562500000 13.132722402633854 18.603797652002573
4473533054498.462890625000000 12.813921769590307 18.069596364311987
4331483223376.394042968750000 12.503834346752067 17.551791147837747
4193943955667.177734375000000 12.199838879753036 17.046441293563120
4060772025700.369628906250000 11.899911935913488 16.565632467579587
3931828755705.770019531250000 11.605847555492826 16.096793978083689
3806979871402.284179687500000 11.321100134881265 15.635697703211100
3686095362172.154296875000000 11.043544009610361 15.202747850481497
3569049345675.222167968750000 10.768923782813017 14.774661265586820
3455719936762.143066406250000 10.497907245521438 14.355466043631262
3345989120549.975097656250000 10.231292030057999 13.951363580057770
3239742629528.195312500000000 9.972678233894683 13.557966992794869
3136869824566.873046875000000 9.718950048254911 13.170592789781876
3037263579703.305175781250000 9.468328142571796 12.793304468064434
2940820170587.066894531250000 9.220888918227478 12.427556400361196
2847439166467.247558593750000 8.977335148876254 12.067117420307984
2757023325609.582519531250000 8.740096819471605 11.716107959166386
2669478494034.317871093750000 8.508945610984947 11.378380052225710
2584713507469.558593750000000 8.281979352936210 11.045668234444513
2502640096417.921875000000000 8.059455344363485 10.717210580628723
2423172794237.600585937500000 7.841235770881061 10.398817585052523
2346228848142.262695312500000 7.627584155212029 10.090625913076979
2271728133026.902832031250000 7.419505970666301 9.789990817368043
2199593068030.070312500000000 7.217407032522131 9.496116976327006
2129748535745.523193359375000 7.020514738109643 9.210826221977598
2062121803999.144531250000000 6.827577269616496 8.935028101266699
1996642450109.793457031250000 6.638161905780030 8.666430774471827
1933242287555.043212890625000 6.452284060541205 8.404939605645341
1871855294965.575439453125000 6.269790902409289 8.151173754205152
1812417547374.239501953125000 6.089902624143304 7.906801329763976
1754867149648.152099609375000 5.911764074925310 7.666852334149176
1699144172034.625976562500000 5.735312542757281 7.430630673904258
1645190587753.660644531250000 5.561869242604187 7.197655727401683
1592950212572.119628906250000 5.392617007099045 6.969432093253920
1542368646296.630615234375000 5.227416429414907 6.744608832663071
1493393216124.253417968750000 5.066655989690337 6.524348093992788
1445972921792.019531250000000 4.909256337074061 6.309721483357998
1400058382468.096191406250000 4.754950389611331 6.101056033755428
1355601785329.366210937500000 4.603422348653808 5.898700166118886
1312556835771.845458984375000 4.454538433168334 5.701510411876047
1270878709202.059570312500000 4.303040599148000 5.509030508716386
1230524004359.261474609375000 4.138118716623260 5.320775540709330
1191450698119.774658203125000 3.967812687640944 5.135689454479613
1153618101736.476074218750000 3.802046969472105 4.936167363043815
1116986818467.824951171875000 3.644046872070779 4.716133744212669
1081518702552.289184570312500 3.493569070292605 4.494039932242340
1047176819485.520263671875000 3.349318861930723 4.282064546668798
1013925407558.814331054687500 3.211035699002679 4.082631580759817
981729840618.882080078125000 3.078185772848237 3.891740193125577
950556592010.121093750000000 2.949903290402705 3.714498194172050
920373199661.822998046875000 2.826394411543315 3.543346005745006
891148232284.020141601562500 2.708145963175207 3.384157562327399
862851256636.688720703125000 2.594018754794773 3.230788384966714
835452805838.285400390625000 2.483432851570710 3.085720718658155
808924348680.595458984375000 2.376657579620784 2.945509081321591
783238259917.920410156250000 2.272843132570015 2.811104361028413
758367791499.719116210937500 2.173202705771266 2.682701196710897
734287044716.675781250000000 2.077697279485638 2.558423663548661
710970943231.242431640625000 1.985188545014503 2.440575382156005
688395206964.551025390625000 1.896520494588163 2.326751702245289
666536326812.492065429687500 1.810295487597548 2.219157484529105
645371540164.670166015625000 1.726789659434472 2.115277641315934
624878807200.688842773437500 1.646050478232680 2.015446038501238
605036787939.121215820312500 1.568014975004685 1.918989658778981
585824820015.254760742187500 1.492363852084317 1.826540210340404
567222897164.454956054687500 1.419555895701174 1.737258090161830
549211648388.778930664062500 1.349959911402201 1.652246382215268
531772317785.096679687500000 1.283291209277317 1.570191277986718
514886745013.748718261718750 1.217919160321451 1.491470721023427
498537346387.388366699218750 1.154000704199900 1.416120320176807
482707096560.318786621093750 1.092088115730772 1.343867066518228
467379510799.246337890625000 1.032444299046029 1.274258552723678
452538627817.016662597656250 0.976730428159222 1.206232626837959
438168993151.418579101562500 0.925020284372948 1.140278925224112
424255643071.776855468750000 0.874861316469237 1.077180624521669
410784088996.565124511718750 0.826210478661128 1.018746383190502
397740302405.803649902343750 0.779375445811746 0.964179565892438
385110700232.556884765625000 0.734132130803036 0.912031110648565
372882130718.282958984375000 0.690550699034627 0.861926428750415
361041859717.333007812500000 0.648954666437468 0.813004940441838
349577557436.327880859375000 0.609976933744125 0.765531022529534
338477285594.598327636718750 0.573687790989474 0.719821237099351
327729484992.338195800781250 0.538847905915732 0.676257330320325
317322963473.497314453125000 0.504934000910208 0.635109145293294
307246884270.899719238281250 0.472414710680027 0.596961704473254
297490754721.444335937500000 0.441660804968516 0.560814277282084
288044415339.629760742187500 0.413384133894770 0.525633587568583
278898029238.043945312500000 0.386786445033592 0.491566750655318
270042071883.776977539062500 0.361407798924876 0.459126393121779
261467321180.108673095703125 0.336886253064318 0.429167776153556
253164847863.135803222656250 0.313244279561624 0.401601974239050
245126006203.333984375000000 0.291169274745421 0.375485721319237
237342425002.386627197265625 0.270975421966352 0.350310427852738
229805998875.884887695312500 0.252563093143188 0.325825450348035
222508879812.836486816406250 0.235215098137645 0.302738629341264
215443469003.188659667968750 0.218891699220944 0.281346954523366
208602408924.850494384765625 0.203652805185270 0.261988712189523
201978575681.987823486328125 0.189641301001622 0.244003590173607
195565071586.594696044921875 0.176724437968796 0.226972582980006
189355217975.629150390625000 0.164608176383423 0.211093584051765
183342548256.229248046875000 0.153167037805089 0.196443269626865
177520801171.763610839843750 0.142365772257619 0.183028663197409
171883914281.714569091796875 0.132764990772956 0.170509482350549
166426017648.590179443359375 0.124152829529879 0.158681843081050
161141427725.301666259765625 0.116294775306470 0.147442410928433
156024641436.637115478515625 0.108860152821811 0.137201910609344
151070330448.665557861328125 0.101674366518911 0.128125775302838
146273335620.112976074218750 0.095034868702607 0.119921741923285
141628661629.919738769531250 0.088928986648430 0.112295943812911
137131471775.394271850585938 0.083310303563782 0.104958110164399
132777082935.543182373046875 0.077984045788481 0.098086455036039
128560960694.329650878906250 0.072814238628636 0.091788084265883
124478714618.790618896484375 0.068280292994028 0.085996290492613
120526093687.084136962890625 0.064369012483657 0.080609202879241
116698981861.714508056640625 0.060822916363955 0.075390601923370
112993393803.322402954101562 0.057534832787580 0.070552490644089
109405470720.574356079101562 0.054422017033071 0.066506773023331
105931476351.837005615234375 0.051452502943994 0.062965038363848
102567793074.442077636718750 0.048704194848244 0.059727011681989
99310918137.497802734375000 0.046148972755449 0.056686623278094
96157460014.321151733398438 0.043729994476554 0.053820505193877
93104134870.690841674804688 0.041429601854823 0.051089522806544
90147763145.249176025390625 0.039231622796166 0.048544447139680
87285266238.483703613281250 0.037117254446546 0.046180572201234
84513663306.847045898437500 0.035074553162524 0.043928042068819
81830068158.674057006835938 0.033105200989125 0.041791151524930
79231686248.662612915039062 0.031215767086792 0.039728856642404
76715811767.793029785156250 0.029419133537627 0.037753613524541
74279824825.649108886718750 0.027696836096171 0.035846008553673
71921188722.211776733398438 0.026040626913555 0.033995536031359
69637447306.282363891601562 0.024556439990483 0.032210020009227
67426222417.783493041992188 0.023281793790769 0.030514492264508
65285211411.278472900390625 0.022124236414880 0.028902657399161
63212184758.124481201171875 0.021054250178271 0.027366183359897
61204983724.766906738281250 0.020048236123718 0.025891836333483
59261518124.755645751953125 0.019083321903768 0.024566470937072
57379764142.141395568847656 0.018154903359465 0.023416758470685
55557762223.988777160644531 0.017251004520339 0.022357193366596
53793615039.806976318359375 0.016376496355987 0.021381039268431
52085485505.776550292968750 0.015550344445589 0.020455362422133
50431594871.713485717773438 0.014783667304395 0.019569334204890
48830220868.778846740722656 0.014059582019778 0.018721391919818
47279695916.003906250000000 0.013367108298772 0.017896683028249
45778405383.766166687011719 0.012710753045816 0.017096461882066
44324785912.403915405273438 0.012103721619949 0.016316386908134
42917323784.221488952636719 0.011543066458227 0.015582352784108
41554553347.188796997070312 0.011009154716231 0.014901386066303
40235055488.692932128906250 0.010501775525134 0.014253055525601
38957456157.755012512207031 0.010013548152328 0.013636650466828
37720424934.169937133789062 0.009546939227063 0.013042092165913
36522673643.081680297851562 0.009095874484402 0.012482959842667
35362955013.550460815429688 0.008658894664089 0.011972148459626
34240061379.714256286621094 0.008231887836164 0.011489061944019
33152823423.194232940673828 0.007824187174861 0.011027885279247
32100108955.431682586669922 0.007433565856192 0.010586100077120
31080821738.690574645996094 0.007062233171436 0.010162754160086
30093900344.497241973876953 0.006708844213720 0.009759236624032
29138317048.327884674072266 0.006373557900333 0.009372322153558
28213076759.394706726074219 0.006056253031547 0.009000720608568
27317215984.413734436035156 0.005753498762977 0.008641055513245
26449801824.277145385742188 0.005468407527973 0.008289690970239
25609931002.584621429443359 0.005196302185345 0.007952751935278
24796728925.021602630615234 0.004938707121374 0.007638758768029
24009348768.606517791748047 0.004694050868118 0.007339596926150
23246970599.856456756591797 0.004461248407790 0.007051300169175
22508800520.954570770263672 0.004241188639652 0.006772209547214
21794069843.029582977294922 0.004030973095922 0.006504377293157
21102034285.685966491699219 0.003832740211290 0.006245689446853
20431973201.952705383300781 0.003643503741260 0.005995416642700
19783188827.841621398925781 0.003464247884365 0.005753402347411
19155005555.735240936279297 0.003293840452278 0.005521877939414
18546769230.847011566162109 0.003131715488141 0.005298009608382
17957846470.020969390869141 0.002978215140076 0.005081586292396
17387624002.162506103515625 0.002831558680606 0.004873650986013
16835508029.612007141113281 0.002693246314270 0.004673848844893
16300923609.797378540039062 0.002560957714984 0.004480787320950
15783314056.521196365356445 0.002435897912691 0.004294774380749
15282140360.258708953857422 0.002316620534429 0.004116808463693
14796880626.863962173461914 0.002203442715466 0.003944924754051
14327029534.098295211791992 0.002095868909768 0.003779150104702
13872097805.416181564331055 0.001993429807356 0.003620919882936
13431611700.460180282592773 0.001896387231408 0.003468161492159
13005112521.734098434448242 0.001803655618089 0.003320923531051
12592156136.941509246826172 0.001716092705440 0.003180469904599
12192312516.491094589233398 0.001632273915527 0.003044926111446
11805165285.688032150268555 0.001553111189255 0.002914553640616
11430311291.144809722900391 0.001477441141709 0.002790064155212
11067360180.959745407104492 0.001405755637570 0.002669970010292
10715933998.226711273193359 0.001337428377586 0.002554855315034
10375666787.451848983764648 0.001272506863438 0.002444664436606
10046204213.468111038208008 0.001210798082239 0.002338400188217
9727203192.450557708740234 0.001151996353938 0.002237020806738
9418331534.647960662841797 0.001096254850786 0.002139606672648
9119267598.459299087524414 0.001042990910999 0.002045867562913
8829699955.494083404541016 0.000992630984073 0.001956625919637
8549327066.268366813659668 0.000944388736688 0.001870604658781
8277856966.198489189147949 0.000898873575118 0.001788370333988
8015006961.565380096435547 0.000855271897601 0.001709625192134
7760503335.133570671081543 0.000814032945954 0.001633798636946
7514081061.116962432861328 0.000774619685236 0.001561754715859
7275483529.196217536926270 0.000737252287658 0.001492339390429
7044462277.299051284790039 0.000701620165038 0.001426040876886
6820776732.865664482116699 0.000667758373195 0.001362573401781
6604193962.330305099487305 0.000635540416031 0.001301581683367
6394488428.556936264038086 0.000604853227498 0.001243580164889
6191441755.977834701538086 0.000575718681734 0.001187715697396
5994842503.189420700073242 0.000547906652246 0.001134543585756
5804485942.768959999084473 0.000521557323051 0.001083518108935
5620173848.083188056945801 0.000496349514318 0.001034696847529
5441714286.865887641906738 0.000472516488158 0.000988110241940
5268921421.350666046142578 0.000449668863138 0.000943321640724
5101615314.749844551086426 0.000428108423813 0.000900803957470
4939621743.878305435180664 0.000407437137923 0.000859870184198
4782772017.727485656738281 0.000387892360831 0.000820956572021
4630902801.799736976623535 0.000369188351589 0.000783614292921
4483855948.021182060241699 0.000351469913823 0.000747969287123
4341478330.055101394653320 0.000334544454212 0.000713914536849
4203621683.844700813293457 0.000318480941813 0.000681285384364
4070142453.219439029693604 0.000303163626357 0.000650238238586
3940901640.403447628021240 0.000288599822105 0.000620388262184
3815764661.271244525909424 0.000274736757426 0.000592091200174
3694601205.199309825897217 0.000261532094904 0.000564860122485
3577285099.367862224578857 0.000248984273305 0.000539015710333
3463694177.371734142303467 0.000237011440728 0.000514204888085
3353710152.002928733825684 0.000225653277688 0.000490588509770
3247218492.073125362396240 0.000214796956675 0.000467988426205
3144108303.147271156311035 0.000204514975231 0.000446418751019
3044272212.064293384552002 0.000194670701212 0.000425837192566
2947606255.124858856201172 0.000185362348019 0.000406145981227
2854009769.829237461090088 0.000176435480314 0.000387406736298
2763385290.053166866302490 0.000168008059844 0.000369438169621
2675638444.552050590515137 0.000159923639542 0.000352379804738
2590677858.688000679016113 0.000152282565408 0.000335989796001
2508415059.277541160583496 0.000144962020842 0.000320464508274
2428764382.460450649261475 0.000138032403962 0.000305530972185
2351642884.494346141815186 0.000131403229021 0.000291392556293
2276970255.381684780120850 0.000125118659006 0.000277804168214
2204668735.239403247833252 0.000119115277937 0.000264917571885
2134663033.324245452880859 0.000113415567532 0.000252555223014
2066880249.629081964492798 0.000107978665563 0.000240813490227
2001249798.969034910202026 0.000102809264029 0.000229568315789
1937703337.477992773056030 0.000097885183630 0.000218873043300
1876174691.439115762710571 0.000093196645913 0.000208645586844
1816599788.375328540802002 0.000088736842134 0.000198906331919
1758916590.327732563018799 0.000084484348453 0.000189605770789
1703065029.252842664718628 0.000080444897424 0.000180739484616
1648986944.471068382263184 0.000076587818432 0.000172282913277
1596626022.101421833038330 0.000072928973743 0.000164213401900
1545927736.419478416442871 0.000069430476875 0.000156525169729
1496839293.077255487442017 0.000066116269075 0.000149182583592
1449309574.126215219497681 0.000062942962150 0.000142193683815
1403289084.785876035690308 0.000059940837107 0.000135514036333
1358729901.902706384658813 0.000057062445608 0.000129161542819
1315585624.045705318450928 0.000054342937886 0.000123086257967
1273811323.186478376388550 0.000051733304079 0.000117312806707
1233363497.913774728775024 0.000049268450519 0.000111788295186
1194200028.133534908294678 0.000046904230981 0.000106541607384
1156280131.207372903823853 0.000044668341916 0.000101518870662
1119564319.483879327774048 0.000042526406446 0.000096751314509
1084014359.178330898284912 0.000040498186147 0.000092185575814
1049593230.558226585388184 0.000038557592221 0.000087853764143
1016265089.392997264862061 0.000036717729552 0.000083704125330
983995229.627820611000061 0.000034959514277 0.000079768546513
952750047.242730021476746 0.000033290497185 0.000075997669618
922497005.259217381477356 0.000031697489212 0.000072422349193
893204599.858095884323120 0.000030183436632 0.000068996161429
864842327.573174476623535 0.000028740086073 0.000065748352109
837380653.526647210121155 0.000027366595615 0.000062635773018
810790980.673169493675232 0.000026058820228 0.000059685670889
785045620.020450949668884 0.000024812830146 0.000056858360349
760117761.795532226562500 0.000023627876216 0.000054178845172
735981447.526578664779663 0.000022497540308 0.000051610970989
712611543.011173129081726 0.000021423856801 0.000049177368708
689983712.143002510070801 0.000020398431032 0.000046845392518
668074391.569561481475830 0.000019425555746 0.000044635258167
646860766.154632091522217 0.000018495295483 0.000042517738433
626320745.219870567321777 0.000017613752035 0.000040510657790
606432939.540804982185364 0.000016769818891 0.000038588068714
587176639.073326110839844 0.000015971023515 0.000036765477160
568531791.387375354766846 0.000015205400910 0.000035020042379
550478980.785496711730957 0.000014481578103 0.000033365059532
532999408.084410429000854 0.000013786994711 0.000031780599523
516074871.038589715957642 0.000013131100896 0.000030277878336
499687745.385488927364349 0.000012501562252 0.000028839670514
483820966.492595732212067 0.000011906615676 0.000027475259610
468458011.587304532527924 0.000011336116476 0.000026169910158
453582882.551020026206970 0.000010796359449 0.000024931128298
439180089.259607672691345 0.000010279358479 0.000023746454821
425234633.452868640422821 0.000009789668778 0.000022621776450
411731993.116167902946472 0.000009321145611 0.000021546700614
398658107.358043849468231 0.000008876876805 0.000020525651556
385999361.767977893352509 0.000008452282745 0.000019550100914
373742574.239105641841888 0.000008049219940 0.000018623163331
361874981.241128385066986 0.000007664433607 0.000017737981601
350384224.529067575931549 0.000007298753320 0.000016896507418
339258338.274099171161652 0.000006950040423 0.000016093372529
328485736.603005349636078 0.000006618274190 0.000015329504585
318055201.533291339874268 0.000006302251111 0.000014600853853
307955871.291422963142395 0.000006001252490 0.000013907454113
298177229.001967310905457 0.000005714853288 0.000013246415951
288709091.735923469066620 0.000005441767929 0.000012617000154
279541599.906786501407623 0.000005182214473 0.000012017331785
270665207.003323554992676 0.000004934452978 0.000011446009959
262070669.648385524749756 0.000004699227884 0.000010902040607
253749037.973357170820236 0.000004474441192 0.000010383462946
245691646.298279017210007 0.000004261263318 0.000009890042060
237890104.107889086008072 0.000004057320374 0.000009419349678
230336287.314212650060654 0.000003864122619 0.000008971799746
223022329.796594083309174 0.000003679090133 0.000008544579874
215940615.210356771945953 0.000003503999328 0.000008138653443
209083769.055575013160706 0.000003336123402 0.000007750898687
202444650.997680187225342 0.000003177442098 0.000007382739216
196016347.431918174028397 0.000003025131572 0.000007030810497
189792164.283910334110260 0.000002881321535 0.000006696916723
183765620.038817226886749 0.000002743276816 0.000006377509586
177930438.991857737302780 0.000002612800137 0.000006074703080
172280544.713139206171036 0.000002487685602 0.000005784817055
166810053.720005571842194 0.000002369305051 0.000005510212709
161513269.350309282541275 0.000002255909389 0.000005247123465
156384675.830224782228470 0.000002148503366 0.000004998102635
151418932.530435204505920 0.000002045728789 0.000004759336662
146610868.404698282480240 0.000001948279724 0.000004533522739
141955476.605009853839874 0.000001855131317 0.000004316834343
137447909.267753958702087 0.000001766716018 0.000004112070543
133083472.465407609939575 0.000001682292091 0.000003915455046
128857621.318551808595657 0.000001602072985 0.000003729750095
124765955.263086840510368 0.000001525556337 0.000003551463618
120804213.467732638120651 0.000001452773527 0.000003382934612
116968270.397038698196411 0.000001383423520 0.000003221272455
113254131.515281260013580 0.000001317387578 0.000003068332525
109657929.126780986785889 0.000001254532961 0.000002921747987
106175918.348299905657768 0.000001194618389 0.000002782956625
102804473.209330767393112 0.000001137650796 0.000002650046436
99540082.876215189695358 0.000001083290099 0.000002524096035
96379347.996157959103584 0.000001031658154 0.000002403587121
93318977.157332390546799 0.000000982336457 0.000002289290740
90355783.461389213800430 0.000000935540432 0.000002180028200
87486681.204799145460129 0.000000890790600 0.000002076308455
84708682.665574029088020 0.000000848377576 0.000001977244642
82018894.992022112011909 0.000000807775787 0.000001883123618
79414517.190293401479721 0.000000769335270 0.000001793308217
76892837.207583054900169 0.000000732496996 0.000001707898302
74451229.107951432466507 0.000000697656938 0.000001626469327
72087150.337821349501610 0.000000664233303 0.000001548964889
69798139.078306525945663 0.000000632656503 0.000001475140501
67581811.681611105799675 0.000000602345331 0.000001404810331
65435860.188832290470600 0.000000573711815 0.000001337881413
63358049.926582545042038 0.000000546238332 0.000001274061864
61346217.179925061762333 0.000000520258691 0.000001213385281
59398266.939203500747681 0.000000495357265 0.000001155474031
57512170.718416139483452 0.000000471785515 0.000001100466509
55685964.442864090204239 0.000000449215380 0.000001047916907
53917746.403875052928925 0.000000427828339 0.000000998049478
52205675.278469748795033 0.000000407371264 0.000000950365405
50547968.211912356317043 0.000000387966439 0.000000905158365
48942898.961145319044590 0.000000369424623 0.000000861889568
47388796.097176507115364 0.000000351818290 0.000000820907904
45884041.264547616243362 0.000000335012446 0.000000781645763
44427067.496068827807903 0.000000319037911 0.000000744494998
43016357.581067904829979 0.000000303805535 0.000000708868679
41650442.485451847314835 0.000000289311555 0.000000675191105
40327899.821937054395676 0.000000275505352 0.000000642864073
39047352.368855640292168 0.000000262354705 0.000000612335328
37807466.635993495583534 0.000000249841167 0.000000583026278
36606951.475968986749649 0.000000237909347 0.000000555328151
35444556.739704355597496 0.000000226567466 0.000000528758680
34319071.974590428173542 0.000000215741508 0.000000503625736
33229325.163989748805761 0.000000205461600 0.000000479540009
32174181.506763715296984 0.000000195639011 0.000000456734771
31152542.235554847866297 0.000000186321659 0.000000434900811
30163343.472591973841190 0.000000177409444 0.000000414207775
29205555.121827449649572 0.000000168964537 0.000000394415246
28278179.796253439038992 0.000000160878320 0.000000375638848
27380251.779278576374054 0.000000153224183 0.000000357697038
26510836.019085362553596 0.000000145887410 0.000000340659812
25669027.154919520020485 0.000000138950011 0.000000324395807
24853948.574297983199358 0.000000132293222 0.000000308936712
24064751.500154215842485 0.000000126005460 0.000000294193734
23300614.106969248503447 0.000000119969572 0.000000280166633
22560740.664968591183424 0.000000114266688 0.000000266802541
21844360.711494285613298 0.000000108795757 0.000000254074823
21150728.248687945306301 0.000000103621386 0.000000241960745
20479120.966650832444429 0.000000098662544 0.000000230412077
19828839.491270713508129 0.000000093967708 0.000000219431173
19199206.655932828783989 0.000000089473033 0.000000208952359
18589566.796356882900000 0.000000085213290 0.000000198998703
17999285.067824766039848 0.000000081139344 0.000000189490657
17427746.784089174121618 0.000000077274373 0.000000180468213
16874356.777273755520582 0.000000073581782 0.000000171841023
16338538.778098603710532 0.000000070074998 0.000000163662729
15819734.815786015242338 0.000000066728072 0.000000155834807
15317404.637020798400044 0.000000063546281 0.000000148421731
14831025.143361028283834 0.000000060512670 0.000000141319046
14360089.846512606367469 0.000000057625753 0.000000134599631
13904108.340900696814060 0.000000054876134 0.000000128155004
13462605.792989110574126 0.000000052256764 0.000000122064381
13035122.446815088391304 0.000000049764557 0.000000116217624
12621213.145225461572409 0.000000047387940 0.000000110696217
12220446.866314886137843 0.000000045129052 0.000000105396380
11832406.274583779275417 0.000000042972691 0.000000100386516
11456687.286348726600409 0.000000040925286 0.000000095582464
11092898.648952227085829 0.000000038968768 0.000000091036758
10740661.533334322273731 0.000000037113050 0.000000086682137
10399609.139541203156114 0.000000035337856 0.000000082557592
10069386.314760271459818 0.000000033655884 0.000000078610377
9749649.183484096080065 0.000000032045209 0.000000074867979
9440064.789417603984475 0.000000030520719 0.000000071290073
9140310.748756222426891 0.000000029059317 0.000000067894420
8850074.914473438635468 0.000000027677568 0.000000064651286
8569055.051268346607685 0.000000026351606 0.000000061570256
8296958.520834915339947 0.000000025099236 0.000000058630586
8033501.977124734781682 0.000000023897023 0.000000055835031
7778411.071286481805146 0.000000022761059 0.000000053170442
7531420.165974375791848 0.000000021671364 0.000000050633916
7292272.058728313073516 0.000000020640672 0.000000048218678
7060717.714137765578926 0.000000019652967 0.000000045917182
6836516.004510238766670 0.000000018717790 0.000000043727973
6619433.458774387836456 0.000000017822532 0.000000041639733
6409244.019356456585228 0.000000016974020 0.000000039655407
6205728.806776500307024 0.000000016162558 0.000000037760665
6008675.891719680279493 0.000000015392679 0.000000035962058
5817880.074344934895635 0.000000014657172 0.000000034242885
5633142.670601352117956 0.000000013958640 0.000000032612621
5454271.305329835973680 0.000000013291979 0.000000031052753
5281079.711934330873191 0.000000012658182 0.000000029575082
5113387.538414320908487 0.000000012053927 0.000000028159757
4951020.159556351602077 0.000000011478865 0.000000026820403
4793808.495089107193053 0.000000010931174 0.000000025536228
4641588.833612781949341 0.000000010409406 0.000000024322249
4494202.662119141779840 0.000000009912985 0.000000023157074
4351496.500925045460463 0.000000009439571 0.000000022056738
4213321.743847289122641 0.000000008989623 0.000000021000445
4079534.503452449105680 0.000000008560082 0.000000020002209
3949995.461220646742731 0.000000008152258 0.000000019044756
3824569.722466999199241 0.000000007762524 0.000000018139017
3703126.675869923084974 0.000000007301741 0.000000017271159
3585539.857459817081690 0.000000000000000 0.000000016449349
3471686.818926559295505 0.000000000000000 0.000000015662704
3361449.000108768697828 0.000000000000000 0.000000014917045
3254711.605531848035753 0.000000000000000 0.000000014204017
3151363.484866476152092 0.000000000000000 0.000000013527454
3051297.017182870768011 0.000000000000000 0.000000012881156
2954407.998880379833281 0.000000000000000 0.000000012267286
2860595.535175744909793 0.000000000000000 0.000000011681475
2769761.935036890674382 0.000000000000000 0.000000011124489
2681812.609453012701124 0.000000000000000 0.000000010593506
2596655.972934872377664 0.000000000000000 0.000000010088134
2514203.348142796661705 0.000000000000000 0.000000009606850
2434368.873543113004416 0.000000000000000 0.000000009148309
2357069.413996727671474 0.000000000000000 0.000000008712072
2282224.474186896346509 0.000000000000000 0.000000008296023
2209756.114795903209597 0.000000000000000 0.000000007900620
2139588.871343421284109 0.000000000000000 0.000000007523126
2071649.675602066796273 0.000000000000000 0.000000000000000
2005867.779508234001696 0.000000000000000 0.000000000000000
1942174.681489024544135 0.000000000000000 0.000000000000000
1880504.055128583451733 0.000000000000000 0.000000000000000
1820791.680099462391809 0.000000000000000 0.000000000000000
1762975.375287203816697 0.000000000000000 0.000000000000000
1706994.934038407867774 0.000000000000000 0.000000000000000
1652792.061464893864468 0.000000000000000 0.000000000000000
1600310.313738701632246 0.000000000000000 0.000000000000000
1549495.039314631605521 0.000000000000000 0.000000000000000
1500293.322019216837361 0.000000000000000 0.000000000000000
1452653.925946781178936 0.000000000000000 0.000000000000000
1406527.242105236276984 0.000000000000000 0.000000000000000
1361865.236756082857028 0.000000000000000 0.000000000000000
1318621.401394748594612 0.000000000000000 0.000000000000000
1276750.704319264506921 0.000000000000000 0.000000000000000
1236209.543736769119278 0.000000000000000 0.000000000000000
1196955.702359042828903 0.000000000000000 0.000000000000000
1158948.303439811803401 0.000000000000000 0.000000000000000
1122147.768207980319858 0.000000000000000 0.000000000000000
1086515.774652537191287 0.000000000000000 0.000000000000000
1052015.217616159003228 0.000000000000000 0.000000000000000
1018610.170155975269154 0.000000000000000 0.000000000000000
986265.846131283091381 0.000000000000000 0.000000000000000
954948.563979196595028 0.000000000000000 0.000000000000000
924625.711640573339537 0.000000000000000 0.000000000000000
895265.712599638267420 0.000000000000000 0.000000000000000
866837.993001977447420 0.000000000000000 0.000000000000000
839312.949816637323238 0.000000000000000 0.000000000000000
812661.920009194524027 0.000000000000000 0.000000000000000
786857.150693684350699 0.000000000000000 0.000000000000000
761871.770232298411429 0.000000000000000 0.000000000000000
737679.760252773063257 0.000000000000000 0.000000000000000
714255.928554313373752 0.000000000000000 0.000000000000000
691575.882873852504417 0.000000000000000 0.000000000000000
669616.005485321511514 0.000000000000000 0.000000000000000
648353.428605471388437 0.000000000000000 0.000000000000000
627766.010580649948679 0.000000000000000 0.000000000000000
607832.312829723581672 0.000000000000000 0.000000000000000
588531.577519145095721 0.000000000000000 0.000000000000000
569843.705946913571097 0.000000000000000 0.000000000000000
551749.237612911732867 0.000000000000000 0.000000000000000
534229.329953835229389 0.000000000000000 0.000000000000000
517265.738721602421720 0.000000000000000 0.000000000000000
500840.798984821245540 0.000000000000000 0.000000000000000
484937.406733523297589 0.000000000000000 0.000000000000000
469539.001068005338311 0.000000000000000 0.000000000000000
454629.546953239943832 0.000000000000000 0.000000000000000
440193.518520887882914 0.000000000000000 0.000000000000000
426215.882901532517280 0.000000000000000 0.000000000000000
412682.084570295177400 0.000000000000000 0.000000000000000
399578.030189526558388 0.000000000000000 0.000000000000000
386890.073932797531597 0.000000000000000 0.000000000000000
374605.003274899674580 0.000000000000000 0.000000000000000
362710.025233064836357 0.000000000000000 0.000000000000000
351192.753045072779059 0.000000000000000 0.000000000000000
340041.193270370247774 0.000000000000000 0.000000000000000
329243.733300776861142 0.000000000000000 0.000000000000000
318789.129267764918040 0.000000000000000 0.000000000000000
308666.494333727459889 0.000000000000000 0.000000000000000
298865.287355038279202 0.000000000000000 0.000000000000000
289375.301905094762333 0.000000000000000 0.000000000000000
280186.655645919556264 0.000000000000000 0.000000000000000
271289.780037246993743 0.000000000000000 0.000000000000000
262675.410372383834329 0.000000000000000 0.000000000000000
254334.576130464818561 0.000000000000000 0.000000000000000
246258.591635054413928 0.000000000000000 0.000000000000000
238439.047009372035973 0.000000000000000 0.000000000000000
230867.799418717215303 0.000000000000000 0.000000000000000
223536.964590979652712 0.000000000000000 0.000000000000000
216438.908606402022997 0.000000000000000 0.000000000000000
209566.239948043075856 0.000000000000000 0.000000000000000
202911.801804667804390 0.000000000000000 0.000000000000000
196468.664618044858798 0.000000000000000 0.000000000000000
190230.118866894568782 0.000000000000000 0.000000000000000
184189.668079971073894 0.000000000000000 0.000000000000000
178341.022071000625147 0.000000000000000 0.000000000000000
172678.090388435608475 0.000000000000000 0.000000000000000
167194.975973199179862 0.000000000000000 0.000000000000000
161885.969017819908913 0.000000000000000 0.000000000000000
156745.541020559496246 0.000000000000000 0.000000000000000
151768.339028340385994 0.000000000000000 0.000000000000000
146949.180062481726054 0.000000000000000 0.000000000000000
142283.045721435191808 0.000000000000000 0.000000000000000
137765.076954905496677 0.000000000000000 0.000000000000000
133390.569003905868158 0.000000000000000 0.000000000000000
129154.966501488263020 0.000000000000000 0.000000000000000
125053.858729039144237 0.000000000000000 0.000000000000000
121082.975023203936871 0.000000000000000 0.000000000000000
117238.180328659975203 0.000000000000000 0.000000000000000
113515.470892099896446 0.000000000000000 0.000000000000000
109910.970092949617538 0.000000000000000 0.000000000000000
106420.924406472462579 0.000000000000000 0.000000000000000
103041.699495058754110 0.000000000000000 0.000000000000000
99769.776423632109072 0.000000000000000 0.000000000000000
96601.747995226454805 0.000000000000000 0.000000000000000
93534.315202923768084 0.000000000000000 0.000000000000000
90564.283794452945585 0.000000000000000 0.000000000000000
87688.560945874269237 0.000000000000000 0.000000000000000
84904.152040887551266 0.000000000000000 0.000000000000000
82208.157552405406022 0.000000000000000 0.000000000000000
79597.770023149772896 0.000000000000000 0.000000000000000
77070.271142122874153 0.000000000000000 0.000000000000000
74623.028913911082782 0.000000000000000 0.000000000000000
72253.494917872216320 0.000000000000000 0.000000000000000
69959.201654353746562 0.000000000000000 0.000000000000000
67737.759975177454180 0.000000000000000 0.000000000000000
65586.856595714212744 0.000000000000000 0.000000000000000
63504.251685959621682 0.000000000000000 0.000000000000000
61487.776538100290054 0.000000000000000 0.000000000000000
59535.331308143700880 0.000000000000000 0.000000000000000
57644.882829258735001 0.000000000000000 0.000000000000000
55814.462494549552503 0.000000000000000 0.000000000000000
54042.164207059147884 0.000000000000000 0.000000000000000
52326.142394866670656 0.000000000000000 0.000000000000000
50664.610089212685125 0.000000000000000 0.000000000000000
49055.837063650455093 0.000000000000000 0.000000000000000
47498.148032284945657 0.000000000000000 0.000000000000000
45989.920905224382295 0.000000000000000 0.000000000000000
44529.585099426600209 0.000000000000000 0.000000000000000
43115.619903182283451 0.000000000000000 0.000000000000000
41746.552892531348334 0.000000000000000 0.000000000000000
40420.958397963018797 0.000000000000000 0.000000000000000
39137.456019803837989 0.000000000000000 0.000000000000000
37894.709190746718377 0.000000000000000 0.000000000000000
36691.423784024940687 0.000000000000000 0.000000000000000
35526.346765781396243 0.000000000000000 0.000000000000000
34398.264890229213051 0.000000000000000 0.000000000000000
33306.003436245882767 0.000000000000000 0.000000000000000
32248.424984084453172 0.000000000000000 0.000000000000000
31224.428230928580888 0.000000000000000 0.000000000000000
30232.946844057762064 0.000000000000000 0.000000000000000
29272.948350428130652 0.000000000000000 0.000000000000000
28343.433061513092980 0.000000000000000 0.000000000000000
27443.433032283683133 0.000000000000000 0.000000000000000
26572.011053245067160 0.000000000000000 0.000000000000000
25728.259674479322712 0.000000000000000 0.000000000000000
24911.300260677860933 0.000000000000000 0.000000000000000
24120.282076180068543 0.000000000000000 0.000000000000000
23354.381399064815923 0.000000000000000 0.000000000000000
22612.800663372796407 0.000000000000000 0.000000000000000
21894.767628566205531 0.000000000000000 0.000000000000000
21199.534575360688905 0.000000000000000 0.000000000000000
20526.377527092521632 0.000000000000000 0.000000000000000
19874.595495809859131 0.000000000000000 0.000000000000000
19243.509752303321875 0.000000000000000 0.000000000000000
18632.463119315598306 0.000000000000000 0.000000000000000
18040.819287193808123 0.000000000000000 0.000000000000000
17467.962151272455230 0.000000000000000 0.000000000000000
16913.295170296503784 0.000000000000000 0.000000000000000
16376.240745216889991 0.000000000000000 0.000000000000000
15856.239617711371466 0.000000000000000 0.000000000000000
15352.750287804212348 0.000000000000000 0.000000000000000
14865.248449978571443 0.000000000000000 0.000000000000000
14393.226447194065258 0.000000000000000 0.000000000000000
13936.192742241435553 0.000000000000000 0.000000000000000
13493.671405883063926 0.000000000000000 0.000000000000000
13065.201621247199000 0.000000000000000 0.000000000000000
12650.337203959037652 0.000000000000000 0.000000000000000
12248.646137509307664 0.000000000000000 0.000000000000000
11859.710123376706179 0.000000000000000 0.000000000000000
11483.124145435111132 0.000000000000000 0.000000000000000
11118.496048192699163 0.000000000000000 0.000000000000000
10765.446128423158370 0.000000000000000 0.000000000000000
10423.606739764010854 0.000000000000000 0.000000000000000
10092.621909870484160 0.000000000000000 0.000000000000000
9772.146969725725285 0.000000000000000 0.000000000000000
9461.848194721991604 0.000000000000000 0.000000000000000
9161.402457138521640 0.000000000000000 0.000000000000000
8870.496889654403276 0.000000000000000 0.000000000000000
8588.828559546249380 0.000000000000000 0.000000000000000
8316.104153230960947 0.000000000000000 0.000000000000000
8052.039670825469329 0.000000000000000 0.000000000000000
7796.360130405237214 0.000000000000000 0.000000000000000
7548.799281653431535 0.000000000000000 0.000000000000000
7309.099328602910646 0.000000000000000 0.000000000000000
7077.010661181889191 0.000000000000000 0.000000000000000
6852.291595284057621 0.000000000000000 0.000000000000000
6634.708121092350666 0.000000000000000 0.000000000000000
6424.033659394191091 0.000000000000000 0.000000000000000
6220.048825634711648 0.000000000000000 0.000000000000000
6022.541201461927812 0.000000000000000 0.000000000000000
5831.305113526218520 0.000000000000000 0.000000000000000
5646.141419303672592 0.000000000000000 0.000000000000000
5466.857299720180890 0.000000000000000 0.000000000000000
5293.266058360561146 0.000000000000000 0.000000000000000
5125.186927053332511 0.000000000000000 0.000000000000000
4962.444877628913673 0.000000000000000 0.000000000000000
4804.870439655133850 0.000000000000000 0.000000000000000
4652.299523960189617 0.000000000000000 0.000000000000000
4504.573251759458799 0.000000000000000 0.000000000000000
4361.537789208005961 0.000000000000000 0.000000000000000
4223.044187206672177 0.000000000000000 0.000000000000000
4088.948226294864526 0.000000000000000 0.000000000000000
3959.110266468458576 0.000000000000000 0.000000000000000
3833.395101766601329 0.000000000000000 0.000000000000000
3711.671819475766824 0.000000000000000 0.000000000000000
3593.813663804625776 0.000000000000000 0.000000000000000
3479.697903887691609 0.000000000000000 0.000000000000000
3369.205705980267339 0.000000000000000 0.000000000000000
3262.222009711669671 0.000000000000000 0.000000000000000
3158.635408267819003 0.000000000000000 0.000000000000000
3058.338032378431762 0.000000000000000 0.000000000000000
2961.225437988034628 0.000000000000000 0.000000000000000
2867.196497493769584 0.000000000000000 0.000000000000000
2776.153294436798205 0.000000000000000 0.000000000000000
2688.001021537607357 0.000000000000000 0.000000000000000
2602.647881969004629 0.000000000000000 0.000000000000000
2520.004993764091978 0.000000000000000 0.000000000000000
2439.986297259550156 0.000000000000000 0.000000000000000
2362.508465477945265 0.000000000000000 0.000000000000000
2287.490817355704166 0.000000000000000 0.000000000000000
2214.855233726359074 0.000000000000000 0.000000000000000
2144.526075971667524 0.000000000000000 0.000000000000000
2076.430107255774601 0.000000000000000 0.000000000000000
2010.496416260496972 0.000000000000000 0.000000000000000
1946.656343342263199 0.000000000000000 0.000000000000000
1884.843409033795297 0.000000000000000 0.000000000000000
1824.993244816152355 0.000000000000000 0.000000000000000
1767.043526088946692 0.000000000000000 0.000000000000000
1710.933907269013389 0.000000000000000 0.000000000000000
1656.605958949915248 0.000000000000000 0.000000000000000
1604.003107056819999 0.000000000000000 0.000000000000000
1553.070573933460082 0.000000000000000 0.000000000000000
1503.755321299738398 0.000000000000000 0.000000000000000
1456.005995020648470 0.000000000000000 0.000000000000000
1409.772871628967778 0.000000000000000 0.000000000000000
1365.007806546013853 0.000000000000000 0.000000000000000
1321.664183946605135 0.000000000000000 0.000000000000000
1279.696868215941549 0.000000000000000 0.000000000000000
1239.062156947915582 0.000000000000000 0.000000000000000
1199.717735435884379 0.000000000000000 0.000000000000000
1161.622632608501817 0.000000000000000 0.000000000000000
1124.737178364752026 0.000000000000000 0.000000000000000
1089.022962263730506 0.000000000000000 0.000000000000000
1054.442793526168543 0.000000000000000 0.000000000000000
1020.960662306046515 0.000000000000000 0.000000000000000
988.541702191957370 0.000000000000000 0.000000000000000
957.152153899186601 0.000000000000000 0.000000000000000
926.759330114688282 0.000000000000000 0.000000000000000
897.331581458351934 0.000000000000000 0.000000000000000
868.838263525118464 0.000000000000000 0.000000000000000
841.249704973611870 0.000000000000000 0.000000000000000
814.537176628074576 0.000000000000000 0.000000000000000
788.672861561415630 0.000000000000000 0.000000000000000
763.629826128224181 0.000000000000000 0.000000000000000
739.381991917586561 0.000000000000000 0.000000000000000
715.904108596488868 0.000000000000000 0.000000000000000
693.171727615540703 0.000000000000000 0.000000000000000
671.161176749628680 0.000000000000000 0.000000000000000
649.849535446988853 0.000000000000000 0.000000000000000
629.214610961034396 0.000000000000000 0.000000000000000
609.234915240071132 0.000000000000000 0.000000000000000
589.889642550849317 0.000000000000000 0.000000000000000
571.158647812643494 0.000000000000000 0.000000000000000
553.022425619290061 0.000000000000000 0.000000000000000
535.462089927360807 0.000000000000000 0.000000000000000
518.459354389291320 0.000000000000000 0.000000000000000
501.996513311007902 0.000000000000000 0.000000000000000
486.056423214213396 0.000000000000000 0.000000000000000
470.622484984128164 0.000000000000000 0.000000000000000
455.678626584106382 0.000000000000000 0.000000000000000
441.209286319118974 0.000000000000000 0.000000000000000
427.199396630677654 0.000000000000000 0.000000000000000
413.634368406327383 0.000000000000000 0.000000000000000
400.500075787361084 0.000000000000000 0.000000000000000
387.782841458945711 0.000000000000000 0.000000000000000
375.469422407333695 0.000000000000000 0.000000000000000
363.546996129331774 0.000000000000000 0.000000000000000
352.003147279667871 0.000000000000000 0.000000000000000
340.825854742345200 0.000000000000000 0.000000000000000
330.003479112528510 0.000000000000000 0.000000000000000
319.524750575921360 0.000000000000000 0.000000000000000
309.378757173013696 0.000000000000000 0.000000000000000
299.554933435981297 0.000000000000000 0.000000000000000
290.043049386399161 0.000000000000000 0.000000000000000
280.833199882317274 0.000000000000000 0.000000000000000
271.915794303601899 0.000000000000000 0.000000000000000
263.281546564801999 0.000000000000000 0.000000000000000
254.921465445142303 0.000000000000000 0.000000000000000
246.826845225569258 0.000000000000000 0.000000000000000
238.989256623105035 0.000000000000000 0.000000000000000
231.400538013065415 0.000000000000000 0.000000000000000
224.052786930001815 0.000000000000000 0.000000000000000
216.938351838518429 0.000000000000000 0.000000000000000
210.049824165391527 0.000000000000000 0.000000000000000
203.380030584698204 0.000000000000000 0.000000000000000
196.922025547917144 0.000000000000000 0.000000000000000
190.669084051225184 0.000000000000000 0.000000000000000
184.614694632454757 0.000000000000000 0.000000000000000
178.752552590423534 0.000000000000000 0.000000000000000
173.076553419572576 0.000000000000000 0.000000000000000
167.580786453076712 0.000000000000000 0.000000000000000
162.259528707808727 0.000000000000000 0.000000000000000
157.107238924745047 0.000000000000000 0.000000000000000
152.118551798610497 0.000000000000000 0.000000000000000
147.288272390750166 0.000000000000000 0.000000000000000
142.611370719412832 0.000000000000000 0.000000000000000
138.082976521809229 0.000000000000000 0.000000000000000
133.698374182494661 0.000000000000000 0.000000000000000
129.452997822791616 0.000000000000000 0.000000000000000
125.342426546139947 0.000000000000000 0.000000000000000
121.362379834424047 0.000000000000000 0.000000000000000
117.508713090480754 0.000000000000000 0.000000000000000
113.777413322149144 0.000000000000000 0.000000000000000
110.164594963365687 0.000000000000000 0.000000000000000
106.666495827953881 0.000000000000000 0.000000000000000
103.279473191895150 0.000000000000000 0.000000000000000
100.000000000000000 0.000000000000000 0.000000000000000
