r star_mass gas_mass dm_mass star_density gas_density dm_density
0.07937681956573406 160759.72319294675 19615.049227388427 9642123.53802098 2053666.9978168625 234483.82636615122 121878395.70835617
0.2363312804264993 275806.585941841 75370.31655245626 30921810.567516908 493628.28906890255 233889.9989365361 90982114.94770373
0.39328574128726457 322139.8852904731 161295.43161147533 58286369.289506756 119462.47110644105 218576.2143995522 70406594.69387697
0.5502402021480298 347568.7244002883 289671.5660311834 89607080.12993896 46861.985374676085 234330.05393560795 57634087.17572243
0.7071946630087951 367819.55877528974 445561.8384753667 123587751.84905817 29036.91113011055 221884.60420162664 48667796.92317006
0.8641491238695602 379958.0268331624 610890.5862793302 159813528.16303244 14243.661824858684 192847.27654534532 42469029.80573638
1.0211035847303256 393609.655215995 799853.8528646147 197321416.88360038 13556.92286287816 186716.24269631 37218743.02498574
1.1780580455910907 407396.9232900646 1002591.9638169133 235913375.7576205 11867.466062933321 173760.90323966654 33196103.3420989
1.335012506451856 420155.1701546553 1207245.207814151 275261837.2668635 9690.63274947617 154864.91304122374 29870066.042676054
1.4919669673126212 430555.345447433 1434211.6700970337 315647439.48568636 7068.510698894776 153747.8130929891 27434065.094075307
1.6489214281733866 436796.7853804455 1660120.330489582 356444143.6328313 3838.232704634511 138513.02933617783 25076761.329028577
1.8058758890341517 446028.648590369 1896731.9311283897 397080349.08193266 5183.796324638602 132504.56338101905 22808199.847910505
1.9628303498949173 453038.3730468808 2150589.9283402 437512880.74462783 3621.301215036196 130826.52832993433 20879988.643643107
2.1197848107556823 460983.5407452356 2405717.7497100956 478018622.33976394 3800.648976778963 121770.83211051229 19369606.932778195
2.2767392716164476 466409.63622231776 2657570.3627661187 518288778.1266607 2416.688084003064 111940.58288284208 17929905.384053797
2.433693732477213 471014.91847801005 2902018.409021723 558682827.6453805 1918.8313155472495 101658.16777439596 16825574.48388043
2.5906481933379784 474722.6314130607 3150196.3903256077 598537188.5595679 1451.256339593984 96969.58351476771 15595346.195912875
2.7476026541987437 479097.45334136294 3390680.109628263 638154086.487761 1614.5552875786975 88606.3451997453 14617135.774020893
2.904557115059509 481760.1651140575 3627003.690677549 677086753.1242946 929.5884216408217 82377.17681340303 13588678.51712056
3.061511575920274 484986.91896115296 3845377.409529006 715182198.4821448 1068.7506670818564 72224.7657307345 12614982.48248926
3.2184660367810394 488147.62414121325 4064769.0857866877 752771744.4350507 995.8215625689971 69028.86313958149 11840594.979458852
3.3754204976418043 490176.14604659507 4288672.639875589 789831926.2610761 609.3941582575845 67177.97701230063 11131158.495009767
3.5323749585025697 492770.9693092282 4499365.848329633 826684679.9451854 744.8819551843397 60409.998137621005 10577151.032406166
3.689329419363335 493380.4326486796 4715229.113719261 862655160.0844939 167.51226855604423 59263.186292172555 9884820.78610865
3.8462838802241004 494668.6631542342 4911804.235550285 898191073.573544 339.6242657666493 51768.69093287012 9366993.698691139
4.003238341084866 495826.44539141527 5105805.872782077 933386279.3000807 293.2661264894915 49090.57594217041 8913533.451350166
4.160192801945631 498243.1677285871 5302122.19805276 967984542.5005605 589.0603161139694 47804.58221651908 8431836.050362917
4.317147262806396 500034.8798334419 5487443.148596564 1002388517.8034086 420.8407954444373 43488.55599605828 8079719.808344041
4.474101723667161 501945.5367133508 5672441.297144847 1036024727.4045045 433.0353161279191 41891.71749710477 7622347.235162184
4.631056184527926 503185.24684643606 5840539.824711148 1069105292.3901514 271.44795194435335 36776.339185481105 7242411.467953231
4.788010645388692 504579.38104550453 6011337.216834196 1101928684.0233774 295.2541031587603 36143.28182245108 6950583.81002963
4.944965106249457 505325.4344357996 6187098.683003622 1134359745.5058303 152.98651270235345 36014.52106854877 6649566.201414854
5.101919567110222 506108.7998820075 6347924.506307177 1166986972.0636697 155.69593423363685 31941.416200582793 6484018.231998076
5.258874027970988 506670.17401174747 6524226.64281159 1199273490.8589957 108.24456393998035 33971.18536500607 6224841.345263457
5.415828488831753 507069.98454126576 6683925.770220723 1230896427.317966 74.85758176969544 29881.10341084219 5920237.903110619
5.5727829496925185 507261.61350835126 6847271.621918227 1262358865.0788927 34.868679326294426 29703.479768417867 5724321.600986582
5.729737410553284 507615.11520695104 7024533.938858733 1294176089.435495 62.5609383533929 31351.96266269076 5630321.159518373
5.886691871414048 508412.8959881163 7195231.849427703 1325589720.5747945 137.42278128984742 29386.7116354851 5410708.647505249
6.043646332274814 508609.17875425325 7357125.287570337 1356312550.3002925 32.932871221566224 27147.8086769513 5154316.8465137025
6.200600793135579 509227.5854282012 7523033.232532171 1386259167.024141 101.13159681691255 27117.39346333665 4896936.55726631
6.3575552539963445 509440.13589034753 7699035.068229149 1416085644.3716764 33.90145816507269 28057.634131280967 4756897.285834435
6.51450971485711 509614.4261753476 7868022.192027733 1444898445.731568 27.129257778170977 26290.86525352144 4484531.717181325
6.671464175717875 510130.3612611833 8047525.425465967 1473059866.410511 78.41883258066596 27270.475014628068 4280042.531067803
6.82841863657864 510324.6897613384 8220234.22252332 1500862746.138269 28.857774003994226 25635.63590659944 4128436.3709164937
6.985373097439405 510324.6897613384 8389651.51411521 1528286435.959538 0.0 24582.481637715697 3980644.996568023
7.14232755830017 510324.6897613384 8578284.09618873 1555871563.067728 0.0 26769.608510565904 3916098.01407944
7.299282019160936 510525.19115602237 8747852.213466935 1582774336.0620136 27.853753154898236 23547.038027763658 3737113.9566009613
7.456236480021701 510525.19115602237 8933648.818906177 1609862949.654034 0.0 25257.896971578128 3683728.4305001902
7.6131909408824665 510525.19115602237 9123726.715709638 1636217586.74389 0.0 25307.576271616334 3510038.1688819546
7.770145401743232 510525.19115602237 9294801.675770996 1662369488.6362174 0.0 22317.69137053839 3412688.3675851277
7.927099862603997 510525.19115602237 9485067.390282346 1688473522.4957948 0.0 24330.118863240776 3339002.422820582
8.084054323464763 510698.12280717056 9678499.040322509 1714173024.5491922 21.691607280826375 24255.049169381335 3223441.7612690283
8.241008784325526 510698.12280717056 9865051.667977413 1739351609.7756062 0.0 22947.239077119368 3097962.5125676547
8.397963245186293 510698.12280717056 10052957.450866444 1764409117.0368295 0.0 22681.98269225664 3025449.7451109956
8.554917706047057 510919.84083158604 10239888.964043185 1789191617.7569604 26.28037949223889 22150.66236756984 2937353.0239745607
8.711872166907822 511121.2780650447 10428142.67696843 1813290825.7743094 23.446321843978502 21905.69795046494 2804909.8446201934
8.868826627768588 511291.07301384764 10634336.948061666 1837450103.479815 19.413554951696074 23568.95339793123 2762143.0106894937
9.025781088629351 511291.07301384764 10831476.231677467 1861554943.0304286 0.0 22142.3090380502 2707999.326638241
9.182735549490118 511291.07301384764 11010607.828082366 1885167962.0092597 0.0 19776.031763290084 2607409.4797492223
9.339690010350882 511291.07301384764 11211281.069380553 1908942418.2750118 0.0 21782.132049998334 2581122.445963497
9.49664447121165 511291.07301384764 11412139.549006766 1932203466.4248 0.0 21442.11306683304 2483649.059056988
9.653598932072413 511291.07301384764 11605468.3636632 1955096587.7346287 0.0 20302.943085542865 2404625.8879754203
9.81055339293318 511291.07301384764 11806369.546084942 1978149269.1536233 0.0 20760.824061854568 2382650.34701244
9.967507853793943 511291.07301384764 12002186.724154523 2001185994.5617015 0.0 19916.986004472295 2343511.6824042266
10.12446231465471 511469.4537984612 12192557.21827094 2023952406.3730748 17.865804192466364 19062.979635591164 2280111.875291054
10.281416775515474 511469.4537984612 12396334.604054173 2047281971.5109167 0.0 20094.15380192832 2300847.171894501
10.438371236376241 511469.4537984612 12613331.12487652 2070543958.2495823 0.0 21076.09801682674 2259689.139751167
10.595325697237005 511469.4537984612 12811960.722395081 2093094494.6191425 0.0 19006.546072642053 2158130.592276198
10.752280158097772 511469.4537984612 13009338.894570714 2115137254.4060035 0.0 18611.242948749434 2078744.2485338286
10.909234618958536 511469.4537984612 13223115.10337904 2136371889.1693819 0.0 19867.585817030755 1973725.1333893822
11.066189079819303 511469.4537984612 13433136.526890818 2157270509.114634 0.0 19241.929158116815 1914944.3573379044
11.223143540680066 511469.4537984612 13651300.74855305 2177780553.2646227 0.0 19708.570100595283 1853058.7192275757
11.380098001540832 511469.4537984612 13855729.686978662 2198049380.0731072 0.0 18213.1640001678 1806010.0657620067
11.537052462401597 511469.4537984612 14058607.820461795 2218022551.3851957 0.0 17829.21583751108 1755456.843887866
11.69400692326236 511469.4537984612 14268208.278450266 2237347157.782968 0.0 18172.86984859467 1675659.3616078785
11.850961384123128 511469.4537984612 14479422.39169379 2255906814.2456203 0.0 18070.354801514753 1588017.1734629846
12.007915844983891 511469.4537984612 14710131.314051878 2274460839.175008 0.0 19480.34778645466 1566786.2499392584
12.164870305844659 511469.4537984612 14905362.330694776 2292521166.354858 0.0 16272.108775853249 1505420.3353437209
12.321824766705422 511469.4537984612 15113154.45062388 2310311179.938003 0.0 17098.54050454852 1464000.7030769808
12.47877922756619 511469.4537984612 15353443.999625888 2327813985.3246493 0.0 19524.063168043962 1422250.0998279597
12.635733688426953 511469.4537984612 15568597.282349667 2345054924.4144874 0.0 17264.63108699485 1383570.3003980534
12.79268814928772 511469.4537984612 15784938.639010062 2361827507.654479 0.0 17147.066598670277 1329472.2550259144
12.949642610148484 511469.4537984612 15997054.11955568 2378732431.926191 0.0 16608.443535344115 1323722.4423528342
13.10659707100925 511469.4537984612 16221229.442151353 2395206543.9031544 0.0 17342.6079257876 1274541.2371181943
13.263551531870014 511469.4537984612 16426831.142448857 2411412219.461168 0.0 15717.576057867116 1238937.7046569318
13.420505992730781 511469.4537984612 16658820.78683311 2426868901.094978 0.0 17527.521291041972 1167857.5043707972
13.577460453591545 511469.4537984612 16892212.152112715 2442203566.17472 0.0 17429.666635517224 1145245.3857628235
13.73441491445231 511469.4537984612 17085052.790351983 2457400258.6894765 0.0 14236.82809707229 1121972.0172643964
13.891369375313076 511469.4537984612 17314907.39012541 2472397031.773337 0.0 16777.797180632424 1094702.6683108113
14.04832383617384 511469.4537984612 17537470.646932274 2487175113.648752 0.0 16064.147047937171 1066687.6602686066
14.205278297034607 511469.4537984612 17767941.09251197 2501762661.9820457 0.0 16451.143031433552 1041301.6684037531
14.36223275789537 511469.4537984612 17995400.011889357 2516019827.0304775 0.0 16058.812355895303 1006596.7015119564
14.519187218756137 511469.4537984612 18200144.875057347 2530166238.5913706 0.0 14298.97516264847 987980.8972967876
14.6761416796169 511469.4537984612 18441084.974642843 2543993529.9339314 0.0 16646.891309700237 955366.5989182787
14.833096140477668 511469.4537984612 18645165.724482603 2557626533.3788605 0.0 13951.082224203938 931976.2270846616
14.990050601338432 511469.4537984612 18895758.94867654 2571405018.099794 0.0 16951.400012089274 932059.6818480466
15.147005062199199 511469.4537984612 19123029.925571665 2585428474.517741 0.0 15214.518032697697 938801.8041562367
15.303959523059962 511469.4537984612 19330610.669097684 2598751743.6331124 0.0 13753.89980006498 882780.7586358297
15.46091398392073 511469.4537984612 19558426.598589115 2611597271.009863 0.0 14941.462271971726 842486.3757385865
15.617868444781493 511469.4537984612 19800717.621658016 2624004477.380845 0.0 15731.179548251548 805561.3050204907
15.77482290564226 511469.4537984612 20040007.721432798 2636609726.0049686 0.0 15381.811250940802 810276.99678179
15.931777366503024 511469.4537984612 20245653.37565667 2648803872.70077 0.0 13088.92659205626 776129.1639158735
16.088731827363787 511469.4537984612 20489408.08261369 2661169781.1611443 0.0 15363.189192960815 779383.5888196228
16.245686288224555 511469.4537984612 20714101.819388498 2673973072.038409 0.0 14025.053065240414 799154.6182069062
16.40264074908532 511469.4537984612 20938466.653118912 2686362445.22072 0.0 13870.560928332286 765919.351698374
16.559595209946085 511469.4537984612 21192991.92777678 2698257182.0646152 0.0 15586.032661640185 728371.2848193903
16.71654967080685 511469.4537984612 21422253.623140816 2709827167.1569138 0.0 13907.228446639736 701833.4440369591
16.873504131667616 511469.4537984612 21636572.7735334 2721353977.16085 0.0 12879.907741190973 692710.8037507444
17.030458592528383 511469.4537984612 21883036.14918065 2732714656.933478 0.0 14675.212681939167 676435.3348052773
17.187413053389147 511469.4537984612 22113764.774411898 2743956135.9186697 0.0 13612.898102388779 663225.8522694556
17.34436751424991 511469.4537984612 22359956.845156316 2754818424.9973726 0.0 14393.833526415452 635055.3676154764
17.501321975110677 511469.4537984612 22579165.458033256 2765587793.7772083 0.0 12701.3203687149 623976.576411175
17.65827643597144 511469.4537984612 22808812.935495086 2776389074.5788774 0.0 13187.93163256619 620263.214122953
17.815230896832205 511469.4537984612 23048180.92891994 2787039242.571277 0.0 13625.08214536564 606197.6756229107
17.97218535769297 511469.4537984612 23290273.133360673 2797378737.6452417 0.0 13659.839211175728 583375.0973580058
18.12913981855374 511469.4537984612 23544611.11969751 2807688197.8751283 0.0 14226.591030654132 576644.7623401347
18.286094279414502 511469.4537984612 23762463.861671433 2817957298.783284 0.0 12081.198466679893 569457.4302405447
18.443048740275266 511469.4537984612 24001066.832540404 2828415994.644685 0.0 13119.345896501874 575035.6746042023
18.600003201136033 511469.4537984612 24225916.365660027 2838794910.4515023 0.0 12258.83244246819 565834.0881310772
18.7569576619968 511469.4537984612 24494264.518165495 2848618181.642871 0.0 14507.995736221934 531060.5478193568
18.913912122857564 511469.4537984612 24730523.635469545 2858115762.493765 0.0 12667.16623761706 509192.6182170532
19.070866583718328 511469.4537984612 24951021.188733026 2867765394.7428055 0.0 11724.832348862225 513086.94165915746
19.227821044579095 511469.4537984612 25178820.195916157 2877208537.4388075 0.0 12014.233496445962 498009.08551456203
19.384775505439862 511469.4537984612 25433507.938941494 2886584101.7356334 0.0 13323.630595871393 490441.9167032253
19.541729966300625 511469.4537984612 25673341.20384495 2895867684.322469 0.0 12445.796952682986 481729.997287616
19.69868442716139 511469.4537984612 25905006.494689092 2904957917.600551 0.0 11926.17058711337 467938.79152106616
19.855638888022156 511469.4537984612 26135823.012927923 2913921441.3801775 0.0 11788.573168846746 457768.91751127626
20.012593348882923 511469.4537984612 26374842.06607368 2922853991.726848 0.0 12111.78948877269 452609.47285539703
20.169547809743683 511469.4537984612 26610687.779434636 2931711454.9633226 0.0 11858.012753996876 445312.4911883046
20.32650227060445 511469.4537984612 26857434.452975877 2940450656.001239 0.0 12310.328774596237 435974.3100568454
20.483456731465218 511469.4537984612 27095962.47156089 2949083796.4960036 0.0 11809.13388699578 427383.273053896
20.64041119232598 511469.4537984612 27302802.620002184 2957715059.8130136 0.0 10162.469928010905 424041.26253580104
20.797365653186745 511469.4537984612 27545015.74256567 2966096658.488622 0.0 11810.627931950883 408668.12708641763
20.954320114047512 511469.4537984612 27766607.780599453 2974493274.58627 0.0 10724.20436111959 406333.9299218431
21.11127457490828 511469.4537984612 28037752.479160067 2982957469.0830936 0.0 13024.828417081553 406559.0908397252
21.268229035769043 511469.4537984612 28248653.942773856 2991302462.792482 0.0 10056.212548833757 397875.6035624774
21.425183496629806 511469.4537984612 28455926.157355517 2999660596.7461543 0.0 9810.779966656379 395582.91777484026
21.582137957490573 511469.4537984612 28714346.598752983 3007941766.411876 0.0 12142.838111329973 389090.0239678825
21.73909241835134 511469.4537984612 28923884.520406086 3016445381.641553 0.0 9774.843753456224 396657.064217712
21.896046879212104 511469.4537984612 29170348.95142082 3025187398.4461017 0.0 11415.052759165246 404854.5694508024
22.053001340072868 511469.4537984612 29385019.13129034 3034145290.6924634 0.0 9871.750595071127 411899.6023509706
22.209955800933635 511469.4537984612 29599098.171710912 3042390793.980842 0.0 9775.013717949607 376463.4653740633
22.366910261794402 511469.4537984612 29825540.39359146 3050180143.0747814 0.0 10266.98870144561 353141.41258500994
22.523864722655166 511469.4537984612 30055459.530452505 3057703871.5164027 0.0 10352.008570269692 338722.303188105
22.68081918351593 511469.4537984612 30281443.80953328 3064894400.90653 0.0 10104.448972874492 321481.3881120707
22.837773644376696 511469.4537984612 30503989.468504243 3071796783.511281 0.0 9882.327157668835 306477.8427112568
22.99472810523746 511469.4537984612 30676535.819957677 3078614693.1170616 0.0 7609.77956611778 300660.85463666625
23.151682566098224 511469.4537984612 30880184.330670174 3085255209.4250045 0.0 8920.5977279143 290852.8506072533
23.30863702695899 511469.4537984612 31123480.45070512 3092095645.1638436 0.0 10585.570578022605 297591.84912969306
23.465591487819758 511469.4537984612 31340402.481262494 3098594434.551292 0.0 9374.94666686449 280837.569733637
23.62254594868052 511469.4537984612 31521848.658850282 3105143907.7381225 0.0 7789.658975322852 281147.36651094415
23.779500409541285 511469.4537984612 31711745.76355138 3111564794.2487426 0.0 8098.668182098759 273808.372908722
23.936454870402052 511469.4537984612 31917199.798532788 3117805471.694893 0.0 8704.693621034678 264378.70174431964
24.09340933126282 511469.4537984612 32122115.20335292 3123953228.842176 0.0 8625.32842820303 258745.6774145358
24.250363792123583 511469.4537984612 32328144.923346266 3129924531.2804985 0.0 8616.11614525719 249692.54049728953
24.407318252984346 511469.4537984612 32497144.62081176 3135956841.9958553 0.0 7022.0905300760905 250621.59815777445
24.564272713845114 511469.4537984612 32667700.369568035 3142205028.153025 0.0 7041.474903003158 257931.867411996
24.72122717470588 511469.4537984612 32850372.918203786 3149068928.6138005 0.0 7493.8511232162855 281550.3029379521
24.878181635566644 511469.4537984612 33065118.32098529 3155170694.9060884 0.0 8754.022256283826 248709.3296745606
25.035136096427408 511469.4537984612 33224982.564512525 3160927060.4914756 0.0 6475.963391396525 233159.7850136337
25.192090557288175 511469.4537984612 33399515.52299823 3166489138.179231 0.0 7026.140633374073 223886.63467049436
25.34904501814894 511469.4537984612 33557615.650231645 3171751806.015081 0.0 6325.207801874645 210523.10851648284
25.505999479009702 511469.4537984612 33737577.15888308 3176989131.9512396 0.0 7155.53379758565 208220.15365209218
25.66295393987047 511469.4537984612 33931837.10021184 3182071590.722619 0.0 7676.830250288026 200827.3303421036
25.819908400731236 511469.4537984612 34081052.76196188 3187072392.2616606 0.0 5860.917447851849 196399.60270332964
25.976862861592 511469.4537984612 34241766.60402372 3191954931.602144 0.0 6274.411973014185 190596.45491909553
26.133817322452764 511469.4537984612 34383658.68613054 3196646937.400505 0.0 5506.330933693532 182058.7444335803
26.29077178331353 511469.4537984612 34543723.36877153 3201179383.0897 0.0 6174.470564803666 174817.62344177326
26.447726244174298 511469.4537984612 34719475.12650837 3205965247.7758064 0.0 6739.371780985271 183496.63146288952
26.60468070503506 511469.4537984612 34874596.84669326 3210576534.9307075 0.0 5913.208198514036 175760.07141194053
26.761635165895825 511469.4537984612 34984307.00832569 3215032954.9208293 0.0 4157.606117241361 168861.1152124234
26.918589626756592 511469.4537984612 35133938.89291729 3219424612.2784076 0.0 5637.434332352061 165436.91102609766
27.07554408761736 511469.4537984612 35296437.68222521 3223801252.2139463 0.0 6086.716877796984 163915.48056775183
27.232498548478123 511469.4537984612 35432054.48899106 3227997683.0850153 0.0 5050.52698031133 156260.4273430711
27.389453009338887 511469.4537984612 35560928.08548488 3232116211.079256 0.0 4771.904684586928 152480.80088898013
27.546407470199654 511469.4537984612 35692989.73826596 3236050775.6535172 0.0 4862.094847113283 144839.92389875746
27.703361931060417 511469.4537984612 35810310.81694349 3239904621.5843177 0.0 4294.926403033313 141064.7574015706
27.86031639192118 511469.4537984612 35946195.08933426 3243632696.6055403 0.0 4946.474648676635 135692.33875051595
28.017270852781948 511469.4537984612 36082140.72300254 3247250018.139224 0.0 4920.990781836026 130923.64506399327
28.174225313642715 511469.4537984612 36190136.203429095 3250758463.363124 0.0 3887.4712218106365 126275.64436923731
28.33117977450348 511469.4537984612 36297525.33234825 3254193698.654583 0.0 3844.2331289692706 122955.73144956885
28.488134235364242 511469.4537984612 36410525.15787885 3257506917.3919735 0.0 4022.7985577090803 117935.111583869
28.64508869622501 511469.4537984612 36542355.52701294 3260743171.8414135 0.0 4667.45644674119 114564.37250504756
28.802043157085777 511469.4537984612 36645018.00466454 3263904339.1806574 0.0 3614.9631476815703 111296.4600305221
28.95899761794654 511469.4537984612 36744997.79113134 3266994173.7652154 0.0 3501.4228133619804 108195.43462576634
29.115952078807304 511469.4537984612 36830358.57614772 3270009859.828455 0.0 2973.334188714393 105029.77443266139
29.27290653966807 511469.4537984612 36938086.3106759 3272968291.9701705 0.0 3732.3162773030426 102483.3076250787
29.429861000528838 511469.4537984612 37036374.88256077 3275910768.1009693 0.0 3387.131091784963 101386.97662654673
29.5868154613896 511469.4537984612 37130899.46474307 3278856998.587278 0.0 3240.142894483939 100977.82162140968
29.743769922250365 511469.4537984612 37219562.90668467 3282088560.0923305 0.0 3023.198184211835 110172.69680245701
29.900724383111132 511469.4537984612 37281225.97989786 3285325753.1306477 0.0 2091.519509370267 109785.38272106553
30.0576788439719 511469.4537984612 37363938.83428068 3287966003.642908 0.0 2790.849697687517 89073.26922228036
30.21463330483266 511469.4537984612 37452298.71864266 3290484237.6011004 0.0 2965.9040803354924 84515.52791749443
30.371587765693427 511469.4537984612 37513649.58297797 3292742482.44024 0.0 2048.6741444322042 75398.2651639886
30.528542226554194 511469.4537984612 37567523.78540672 3294759509.9378753 0.0 1789.760368278176 66998.27761933753
30.685496687414958 511469.4537984612 37626838.75928752 3296533442.9162517 0.0 1960.4315565659479 58622.184495805865
30.84245114827572 511469.4537984612 37682795.48488451 3298187236.518315 0.0 1840.0274436350985 54373.89332489159
30.99940560913649 511469.4537984612 37727198.5057885 3299668329.7669272 0.0 1452.715045736004 48449.25519367529
31.156360069997255 511469.4537984612 37758553.9472586 3300842504.4526143 0.0 1020.6759352744339 38215.903196660925
31.31331453085802 511469.4537984612 37775268.959552154 3301446955.6896906 0.0 541.3768895269529 19574.48835431563
